-1e+007        0.00403365     0.690098       0.305868       -0.00796756    0.0322697      -0.0121996     0.0240024      -0.00201537    -0.000828467   
-9.9e+006      0.0040747      0.688132       0.307794       -0.00809332    0.0324614      -0.0122791     0.0241489      -0.0020773     -0.000850347   
-9.8e+006      0.00411663     0.686124       0.309759       -0.00822174    0.0326542      -0.0123604     0.0242983      -0.00214273    -0.000872573   
-9.7e+006      0.0041595      0.684075       0.311766       -0.00835292    0.032848       -0.0124435     0.0244508      -0.00221081    -0.000895352   
-9.6e+006      0.00420328     0.681983       0.313814       -0.00848691    0.0330427      -0.0125285     0.0246063      -0.00228261    -0.000919599   
-9.5e+006      0.00424804     0.679847       0.315905       -0.00862375    0.0332385      -0.0126155     0.0247649      -0.00235861    -0.000943954   
-9.4e+006      0.00429379     0.677666       0.31804        -0.00876357    0.0334351      -0.0127045     0.0249269      -0.00243757    -0.000969256   
-9.3e+006      0.00434052     0.67544        0.320219       -0.00890636    0.0336326      -0.0127953     0.0250919      -0.00252172    -0.000996403   
-9.2e+006      0.00438833     0.673168       0.322444       -0.00905224    0.033831       -0.0128886     0.0252602      -0.0026106     -0.00102288    
-9.1e+006      0.00443719     0.670849       0.324714       -0.00920132    0.0340301      -0.0129837     0.0254321      -0.00270279    -0.00105173    
-9e+006        0.00448708     0.668481       0.327032       -0.00935352    0.03423        -0.0130811     0.0256068      -0.00280308    -0.00108197    
-8.9e+006      0.0045382      0.666065       0.329396       -0.00950912    0.0344307      -0.0131811     0.0257855      -0.00290679    -0.00111063    
-8.8e+006      0.00459033     0.6636         0.33181        -0.00966806    0.0346318      -0.0132827     0.0259673      -0.00301663    -0.00114534    
-8.7e+006      0.00464371     0.661084       0.334272       -0.0098303     0.0348338      -0.0133877     0.0261522      -0.00313747    -0.00117669    
-8.6e+006      0.00469832     0.658518       0.336783       -0.00999638    0.0350362      -0.0134943     0.0263418      -0.00325743    -0.00121082    
-8.5e+006      0.00475394     0.655901       0.339345       -0.0101656     0.035239       -0.0136035     0.0265329      -0.00339504    -0.00125178    
-8.4e+006      0.0048112      0.653231       0.341957       -0.0103389     0.0354428      -0.0137166     0.0267295      -0.00353533    -0.00128144    
-8.3e+006      0.00486928     0.65051        0.344621       -0.0105158     0.0356462      -0.0138296     0.0269283      -0.00368179    -0.00133131    
-8.2e+006      0.00492903     0.647736       0.347335       -0.010696      0.0358509      -0.0139492     0.0271299      -0.00385571    -0.00136618    
-8.1e+006      0.00499008     0.64491        0.3501         -0.0108813     0.0360555      -0.0140678     0.027338       -0.00401093    -0.0014095     
-8e+006        0.00505203     0.642031       0.352917       -0.0110688     0.0362602      -0.0141913     0.0275436      -0.00421539    -0.00146939    
-7.9e+006      0.0051164      0.639101       0.355782       -0.011262      0.0364667      -0.0143193     0.0277597      -0.00440419    -0.00149265    
-7.8e+006      0.00518073     0.636119       0.3587         -0.0114584     0.036671       -0.0144442     0.027972       -0.00461464    -0.00158028    
-7.7e+006      0.00524808     0.633087       0.361665       -0.0116582     0.036879       -0.014583      0.0281906      -0.00487461    -0.00160235    
-7.6e+006      0.00531575     0.630006       0.364678       -0.0118651     0.0370844      -0.0147115     0.0284144      -0.00507716    -0.0016817     
-7.5e+006      0.00538513     0.626877       0.367738       -0.012071      0.0372919      -0.0148561     0.0286303      -0.00541456    -0.00175546    
-7.4e+006      0.00545722     0.623706       0.370837       -0.0122877     0.0375015      -0.0149965     0.0288655      -0.00565139    -0.00177823    
-7.3e+006      0.00552815     0.620489       0.373983       -0.0125024     0.0377067      -0.0151386     0.0290803      -0.00601409    -0.00193803    
-7.2e+006      0.00560461     0.617239       0.377156       -0.0127251     0.0379222      -0.0152982     0.0293174      -0.00638032    -0.00191253    
-7.1e+006      0.00567819     0.613954       0.380368       -0.0129532     0.0381275      -0.0154356     0.0295404      -0.00670377    -0.0021102     
-7e+006        0.00575724     0.610644       0.383599       -0.0131776     0.0383462      -0.0156112     0.0297638      -0.00726801    -0.00213919    
-6.9e+006      0.00583586     0.60732        0.386844       -0.013421      0.0385596      -0.0157547     0.0300018      -0.00757816    -0.00225519    
-6.8e+006      0.00591522     0.603981       0.390104       -0.0136483     0.0387764      -0.0159306     0.0302026      -0.00829311    -0.00247039    
-6.7e+006      0.00600045     0.600663       0.393336       -0.0139007     0.0390079      -0.0160993     0.0304461      -0.00876291    -0.00243229    
-6.6e+006      0.00607976     0.597351       0.396569       -0.0141397     0.0392228      -0.0162593     0.0306301      -0.00948372    -0.00285441    
-6.5e+006      0.00617007     0.594106       0.399723       -0.0143882     0.0394764      -0.0164635     0.0308494      -0.0103498     -0.00277168    
-6.4e+006      0.00625216     0.590922       0.402826       -0.0146488     0.0397039      -0.0166087     0.0310296      -0.0110018     -0.00323727    
-6.3e+006      0.00634288     0.587858       0.405799       -0.0148831     0.0399747      -0.0168354     0.0311858      -0.0123837     -0.00340165    
-6.2e+006      0.00643183     0.584973       0.408595       -0.0151636     0.0402449      -0.016991      0.0313573      -0.0131656     -0.00368417    
-6.1e+006      0.00651807     0.582293       0.411189       -0.0153866     0.0405299      -0.0172072     0.0314191      -0.0149728     -0.00439019    
-6e+006        0.00661467     0.580009       0.413376       -0.0156638     0.0408799      -0.0174073     0.0315303      -0.0164158     -0.00448421    
-5.9e+006      0.00669453     0.578125       0.41518        -0.0158898     0.0412021      -0.0175828     0.0314692      -0.018524      -0.0058342     
-5.8e+006      0.00679172     0.577027       0.416181       -0.0161195     0.0416689      -0.0178408     0.0313984      -0.0213733     -0.00623481    
-5.7e+006      0.00686491     0.576858       0.416277       -0.0163516     0.0421067      -0.0179694     0.0311306      -0.0241016     -0.00825434    
-5.6e+006      0.00694327     0.578292       0.414765       -0.0164684     0.0427446      -0.0182521     0.0306311      -0.029323      -0.0102388     
-5.5e+006      0.00699591     0.582189       0.410816       -0.0166395     0.043466       -0.0183356     0.0298296      -0.034251      -0.0138798     
-5.4e+006      0.00699915     0.590048       0.402953       -0.0164789     0.0444017      -0.0185206     0.0282199      -0.044092      -0.0211149     
-5.3e+006      0.00691623     0.605651       0.387433       -0.0162068     0.0456363      -0.0183709     0.0254766      -0.0563449     -0.0339433     
-5.2e+006      0.0064719      0.634207       0.359321       -0.0146794     0.046511       -0.0176826     0.0193778      -0.0799447     -0.0706278     
-5.1e+006      0.00477306     0.675722       0.319505       -0.0101836     0.0423342      -0.0136784     0.00581065     -0.107761      -0.188244      
-5e+006        0.000973524    0.499513       0.499513       -0.00243191    0.00487149     -0.00243191    0.00487149     0              -0.437684      
-4.9e+006      0.0048513      0.318829       0.67632        -0.013884      0.00528085     -0.0103694     0.042683       0.109688       -0.192813      
-4.8e+006      0.00681276     0.355526       0.637661       -0.0185546     0.0188275      -0.0155115     0.0478119      0.0839928      -0.0751726     
-4.7e+006      0.00752323     0.382015       0.610462       -0.0199387     0.0251917      -0.0176745     0.0476525      0.0614806      -0.0380338     
-4.6e+006      0.00786848     0.396124       0.596007       -0.020734      0.0282869      -0.0186114     0.047076       0.0493077      -0.0243192     
-4.5e+006      0.00811566     0.402694       0.58919        -0.0212131     0.0301819      -0.0193619     0.0467372      0.0400367      -0.0169009     
-4.4e+006      0.00830997     0.4052         0.58649        -0.021727      0.0312775      -0.0198257     0.0466027      0.0347847      -0.0130054     
-4.3e+006      0.0084785      0.405108       0.586414       -0.022104      0.0320211      -0.0202862     0.0465795      0.0300229      -0.0107285     
-4.2e+006      0.00864329     0.403276       0.588081       -0.0225609     0.0324894      -0.0206567     0.0467202      0.0270422      -0.0089306     
-4.1e+006      0.00879172     0.400298       0.590911       -0.0229449     0.0327635      -0.0210134     0.0468962      0.0243524      -0.00810503    
-4e+006        0.00894606     0.396405       0.594649       -0.0233728     0.0329339      -0.0213569     0.0471761      0.0223065      -0.00714578    
-3.9e+006      0.00909107     0.391891       0.599018       -0.0237815     0.0329658      -0.0216748     0.0474815      0.020671       -0.0067424     
-3.8e+006      0.00923976     0.386844       0.603916       -0.0241961     0.0329437      -0.0220014     0.0478401      0.01918        -0.00626727    
-3.7e+006      0.00938586     0.381406       0.609208       -0.0246212     0.0328266      -0.0223091     0.0482282      0.0180583      -0.00599152    
-3.6e+006      0.009532       0.375639       0.614829       -0.025037      0.0326592      -0.0226222     0.0486409      0.0169815      -0.00577973    
-3.5e+006      0.00967902     0.369607       0.620714       -0.0254671     0.0324293      -0.0229282     0.0490798      0.0161191      -0.00559123    
-3.4e+006      0.00982487     0.363363       0.626812       -0.0258909     0.0321458      -0.0232334     0.0495331      0.0153348      -0.00549031    
-3.3e+006      0.00997176     0.356941       0.633087       -0.026321      0.0318152      -0.0235375     0.0500038      0.0146443      -0.00538854    
-3.2e+006      0.010118       0.35038        0.639502       -0.0267512     0.0314335      -0.023839      0.0504856      0.014041       -0.00533157    
-3.1e+006      0.0102643      0.343708       0.646028       -0.0271814     0.0310076      -0.0241398     0.0509773      0.0134899      -0.00529187    
-3e+006        0.0104103      0.336952       0.652638       -0.0276127     0.0305356      -0.0244385     0.0514767      0.0129995      -0.00526656    
-2.9e+006      0.0105556      0.330137       0.659307       -0.0280426     0.030019       -0.0247354     0.0519814      0.0125541      -0.00525942    
-2.8e+006      0.0107004      0.323287       0.666013       -0.0284713     0.0294588      -0.0250303     0.0524898      0.012147       -0.0052621     
-2.7e+006      0.0108441      0.316424       0.672732       -0.028898      0.0288549      -0.0253226     0.053          0.0117755      -0.00527419    
-2.6e+006      0.0109867      0.309569       0.679444       -0.0293214     0.0282078      -0.0256119     0.0535103      0.0114336      -0.00529519    
-2.5e+006      0.0111278      0.302744       0.686128       -0.029741      0.0275179      -0.0258978     0.0540189      0.011117       -0.0053226     
-2.4e+006      0.0112672      0.295969       0.692763       -0.0301559     0.0267851      -0.0261798     0.0545242      0.0108233      -0.00535508    
-2.3e+006      0.0114045      0.289267       0.699329       -0.0305649     0.0260099      -0.0264573     0.0550245      0.0105499      -0.00539246    
-2.2e+006      0.0115394      0.282656       0.705805       -0.0309671     0.0251926      -0.0267298     0.0555182      0.0102934      -0.00543398    
-2.1e+006      0.0116717      0.276158       0.71217        -0.0313618     0.0243336      -0.0269967     0.0560037      0.0100519      -0.00547761    
-2e+006        0.0118009      0.269794       0.718405       -0.0317475     0.0234329      -0.0272572     0.0564794      0.00982537     -0.00552351    
-1.9e+006      0.0119268      0.263584       0.724489       -0.0321231     0.0224919      -0.0275108     0.0569435      0.00960972     -0.00557339    
-1.8e+006      0.0120491      0.257549       0.730401       -0.0324885     0.0215109      -0.027757      0.0573946      0.00940267     -0.00562068    
-1.7e+006      0.012167       0.25171        0.736123       -0.0328409     0.0204896      -0.0279945     0.0578312      0.00921208     -0.00567059    
-1.6e+006      0.0122809      0.246087       0.741632       -0.0331804     0.0194322      -0.0282235     0.0582509      0.00901882     -0.00572668    
-1.5e+006      0.0123898      0.240699       0.746911       -0.0335074     0.0183347      -0.0284428     0.058654       0.00884077     -0.00576389    
-1.4e+006      0.0124933      0.235568       0.751939       -0.0338144     0.0172037      -0.0286509     0.0590362      0.00867623     -0.00583227    
-1.3e+006      0.0125925      0.23071        0.756697       -0.0341127     0.0160385      -0.0288504     0.0593988      0.00848193     -0.00586472    
-1.2e+006      0.0126836      0.226148       0.761168       -0.0343844     0.0148351      -0.0290343     0.0597394      0.00836443     -0.00591409    
-1.1e+006      0.0127717      0.221895       0.765333       -0.0346454     0.0136128      -0.0292107     0.0600531      0.00814872     -0.00598896    
-1e+006        0.0128501      0.217974       0.769176       -0.0348851     0.0123421      -0.0293703     0.0603491      0.00804561     -0.00596292    
-900000        0.0129242      0.214395       0.772681       -0.0350961     0.0110683      -0.0295173     0.0606077      0.0078753      -0.00611943    
-800000        0.0129908      0.211178       0.775832       -0.0353081     0.00974613     -0.0296549     0.0608524      0.00768509     -0.00601658    
-700000        0.0130474      0.208335       0.778618       -0.0354621     0.00841744     -0.0297663     0.0610561      0.00766488     -0.00619343    
-600000        0.0131033      0.205875       0.781022       -0.0356403     0.00706834     -0.0298816     0.0612376      0.00730965     -0.00613926    
-500000        0.0131407      0.203819       0.78304        -0.0357455     0.00568075     -0.0299579     0.0613916      0.00744509     -0.00615949    
-400000        0.0131837      0.202161       0.784655       -0.0358687     0.00432388     -0.0300424     0.0614987      0.00701625     -0.00633892    
-300000        0.0132048      0.200929       0.785867       -0.0359462     0.00288923     -0.0300932     0.061604       0.00710876     -0.00606303    
-200000        0.0132291      0.200107       0.786663       -0.0359905     0.00152339     -0.0301329     0.0616365      0.00688161     -0.0065083     
-100000        0.0132394      0.199719       0.787042       -0.036054      7.68348e-005   -0.0301688     0.0616816      0.00663547     -0.00605103    
0              0.0132394      0.199757       0.787004       -0.0360158     -0.00131701    -0.0301565     0.0616545      0.00684218     -0.00649024    
100000         0.0132418      0.200219       0.786539       -0.0360516     -0.00273185    -0.0301757     0.0616186      0.00616954     -0.00624139    
200000         0.0132176      0.20112        0.785662       -0.0359589     -0.00416636    -0.0301224     0.0615505      0.00669264     -0.00624632    
300000         0.0132085      0.202431       0.78436        -0.0359287     -0.00552711    -0.0301055     0.0614213      0.00592777     -0.00656154    
400000         0.0131672      0.20418        0.782653       -0.0358235     -0.00698195    -0.0300359     0.061315       0.00626195     -0.00595933    
500000         0.0131379      0.206328       0.780534       -0.0356941     -0.00830467    -0.0299602     0.0611051      0.00597716     -0.0067475     
600000         0.0130894      0.208892       0.778018       -0.0355959     -0.00972583    -0.0298918     0.0609393      0.00562294     -0.00591412    
700000         0.0130331      0.211851       0.775116       -0.0353732     -0.0110482     -0.0297543     0.0606821      0.00610209     -0.00656808    
800000         0.0129816      0.21519        0.771828       -0.035257      -0.0123811     -0.0296776     0.0604278      0.00509671     -0.00621735    
900000         0.0129006      0.218915       0.768184       -0.0349895     -0.0137212     -0.0295049     0.0601516      0.00594869     -0.00608807    
1e+006         0.0128406      0.222983       0.764177       -0.0348031     -0.0149516     -0.0293877     0.0598018      0.00497995     -0.00662957    
1.1e+006       0.0127463      0.227413       0.759841       -0.0345456     -0.0162787     -0.0292174     0.0595034      0.00536479     -0.00568025    
1.2e+006       0.012667       0.232158       0.755175       -0.0342567     -0.017442      -0.0290338     0.0590876      0.00522539     -0.00673166    
1.3e+006       0.0125714      0.237224       0.750204       -0.0340234     -0.0186914     -0.0288813     0.0587342      0.00460636     -0.00570644    
1.4e+006       0.012467       0.242586       0.744947       -0.033654      -0.0198375     -0.0286403     0.0582992      0.00541838     -0.00632348    
1.5e+006       0.0123729      0.248217       0.73941        -0.0334056     -0.0209596     -0.0284827     0.0578605      0.00415274     -0.0061419     
1.6e+006       0.0122491      0.254121       0.73363        -0.0330186     -0.0221013     -0.0282261     0.0574318      0.00513828     -0.00566988    
1.7e+006       0.0121487      0.26025        0.727601       -0.0326988     -0.0231021     -0.0280226     0.0569144      0.00425252     -0.00653839    
1.8e+006       0.0120192      0.266616       0.721365       -0.032346      -0.024197      -0.0277906     0.0564749      0.00438755     -0.00530097    
1.9e+006       0.0119017      0.273175       0.714923       -0.0319365     -0.0251295     -0.0275225     0.0559241      0.00463941     -0.00642361    
2e+006         0.0117771      0.279922       0.708301       -0.0316145     -0.0261135     -0.0273172     0.0554328      0.00364255     -0.00550798    
2.1e+006       0.0116398      0.28684        0.70152        -0.031156      -0.0270263     -0.0270108     0.0548963      0.00474409     -0.00577872    
2.2e+006       0.0115194      0.293895       0.694585       -0.030813      -0.0278703     -0.0267946     0.0543323      0.00342055     -0.00602477    
2.3e+006       0.0113715      0.301095       0.687534       -0.0303713     -0.0287604     -0.0265        0.0538196      0.00424245     -0.00510127    
2.4e+006       0.0112455      0.308394       0.680361       -0.0299596     -0.0294951     -0.026233      0.0532081      0.00376023     -0.00625098    
2.5e+006       0.0111001      0.315799       0.673101       -0.0295679     -0.0303105     -0.0259795     0.0526858      0.00340266     -0.00494295    
2.6e+006       0.01096        0.323279       0.665761       -0.029092      -0.0309964     -0.025661      0.05208        0.00414975     -0.00583767    
2.7e+006       0.0108238      0.330821       0.658356       -0.0287241     -0.0316864     -0.02543       0.0515084      0.00285082     -0.00535566    
2.8e+006       0.0106712      0.338419       0.65091        -0.0282385     -0.0323562     -0.0251021     0.0509425      0.00401487     -0.0050561     
2.9e+006       0.0105392      0.346041       0.64342        -0.0278393     -0.0329201     -0.0248479     0.0503197      0.00295404     -0.00581552    
3e+006         0.010385       0.353695       0.63592        -0.0273982     -0.0335503     -0.0245567     0.04978        0.00329926     -0.00455084    
3.1e+006       0.0102473      0.361347       0.628405       -0.0269402     -0.0340377     -0.0242532     0.0491479      0.0034376      -0.00573416    
3.2e+006       0.010102       0.368999       0.620899       -0.026549      -0.0345757     -0.0240057     0.0485913      0.00253925     -0.00469767    
3.3e+006       0.00995392     0.376637       0.613409       -0.0260605     -0.035039      -0.0236742     0.0479975      0.00364624     -0.00505745    
3.4e+006       0.00981864     0.384241       0.605941       -0.0256758     -0.035458      -0.0234336     0.0473984      0.00233131     -0.00521465    
3.5e+006       0.00966589     0.391817       0.598517       -0.0252129     -0.0359047     -0.0231227     0.0468529      0.0032058      -0.00433291    
3.6e+006       0.00953279     0.399337       0.59113        -0.0247896     -0.0362309     -0.0228478     0.0462319      0.00272263     -0.00544046    
3.7e+006       0.00938595     0.40681        0.583804       -0.0243828     -0.0366224     -0.0225861     0.0457009      0.00241046     -0.00415764    
3.8e+006       0.00924712     0.414216       0.576537       -0.0239203     -0.0369102     -0.022274      0.0451059      0.00315688     -0.00501028    
3.9e+006       0.00911183     0.42155        0.569338       -0.023548      -0.0372057     -0.0220434     0.0445503      0.00192495     -0.00456553    
4e+006         0.00896744     0.428814       0.562219       -0.0230898     -0.0374862     -0.0217324     0.0440102      0.00304433     -0.00423372    
4.1e+006       0.00883997     0.435986       0.555174       -0.022705      -0.0376869     -0.021489      0.0434272      0.00209926     -0.00499193    
4.2e+006       0.00869798     0.443079       0.548223       -0.0222944     -0.0379427     -0.02122       0.0429256      0.00237116     -0.00377518    
4.3e+006       0.00857008     0.450072       0.541358       -0.0218737     -0.0380917     -0.0209406     0.0423526      0.00260694     -0.00486058    
4.4e+006       0.00843829     0.456971       0.534591       -0.0215126     -0.0382815     -0.0207163     0.0418479      0.00171069     -0.00396372    
4.5e+006       0.00830598     0.463771       0.527923       -0.0210795     -0.038422      -0.0204217     0.0413243      0.00278865     -0.00418278    
4.6e+006       0.0081848      0.470462       0.521354       -0.02073       -0.0385271     -0.0202064     0.0407949      0.00162138     -0.00445417    
4.7e+006       0.00805221     0.477053       0.514895       -0.0203287     -0.0386632     -0.0199391     0.0403231      0.00234252     -0.00353987    
4.8e+006       0.00793519     0.483528       0.508536       -0.0199552     -0.0387087     -0.0196973     0.0397896      0.00206379     -0.00459609    
4.9e+006       0.00781001     0.489899       0.502291       -0.0196058     -0.0388079     -0.0194776     0.0393353      0.00163455     -0.00346795    
5e+006         0.00769101     0.496154       0.496154       -0.0192107     -0.0388381     -0.0192107     0.0388381      0.00245064     -0.00411994    
5.1e+006       0.00757677     0.502296       0.490127       -0.0188911     -0.0388706     -0.0190174     0.0383681      0.00130333     -0.00389666    
5.2e+006       0.00745615     0.508328       0.484216       -0.0185107     -0.0389062     -0.018761      0.0379257      0.00227319     -0.00341366    
5.3e+006       0.00734922     0.51424        0.478411       -0.0181824     -0.0388781     -0.0185552     0.0374424      0.00158269     -0.00423498    
5.4e+006       0.00723298     0.520043       0.472724       -0.0178473     -0.0389007     -0.0183407     0.0370335      0.00163536     -0.00310093    
5.5e+006       0.0071269      0.525728       0.467145       -0.0174963     -0.0388491     -0.0181074     0.0365709      0.00206319     -0.00400606    
5.6e+006       0.00702026     0.5313         0.46168        -0.0172011     -0.0388258     -0.0179298     0.0361587      0.00113003     -0.00337702    
5.7e+006       0.00691249     0.53676        0.456327       -0.0168501     -0.0387812     -0.0176921     0.0357457      0.00213992     -0.0033494     
5.8e+006       0.00681468     0.542104       0.451081       -0.0165616     -0.0387029     -0.0175171     0.0353171      0.0011987      -0.00381217    
5.9e+006       0.00670881     0.547341       0.44595        -0.0162443     -0.0386616     -0.0173101     0.0349472      0.00165895     -0.00285764    
6e+006         0.00661441     0.552463       0.440923       -0.0159377     -0.0385531     -0.0171115     0.0345249      0.00166584     -0.00382428    
6.1e+006       0.00651592     0.557478       0.436006       -0.015663      -0.0384865     -0.0169449     0.0341648      0.00106905     -0.00293413    
6.2e+006       0.0064207      0.562385       0.431194       -0.0153466     -0.0383812     -0.0167312     0.0337816      0.00194212     -0.00330327    
6.3e+006       0.00633116     0.567183       0.426486       -0.015091      -0.0382696     -0.0165804     0.0334074      0.00092605     -0.00336775    
6.4e+006       0.0062362      0.57188        0.421884       -0.0147951     -0.0381767     -0.016384      0.0330703      0.0016653      -0.00271544    
6.5e+006       0.00615195     0.576468       0.41738        -0.0145296     -0.0380315     -0.0162177     0.0326915      0.00129494     -0.0035763     
6.6e+006       0.00606197     0.580959       0.412979       -0.0142729     -0.0379306     -0.0160592     0.0323758      0.00108125     -0.00258736    
6.7e+006       0.00597825     0.585347       0.408675       -0.013993      -0.0377823     -0.0158723     0.032023       0.00169441     -0.00324159    
6.8e+006       0.00589632     0.589637       0.404467       -0.0137638     -0.0376488     -0.0157392     0.0316993      0.00076154     -0.0029387     
6.9e+006       0.00581211     0.593832       0.400356       -0.0134922     -0.0375158     -0.0155568     0.0313902      0.00163044     -0.00264337    
7e+006         0.00573653     0.59793        0.396334       -0.0132625     -0.037349      -0.0154181     0.0310555      0.000978148    -0.00327665    
7.1e+006       0.00565517     0.601938       0.392407       -0.0130229     -0.0372208     -0.0152667     0.0307761      0.00112856     -0.0023393     
7.2e+006       0.00558154     0.605852       0.388567       -0.0127786     -0.0370445     -0.015107      0.0304546      0.00141937     -0.00314329    
7.3e+006       0.00550673     0.609678       0.384815       -0.0125704     -0.0368967     -0.014986      0.0301755      0.000689569    -0.00255405    
7.4e+006       0.0054326      0.613418       0.381149       -0.0123248     -0.036734      -0.0148203     0.0298911      0.00154512     -0.00260929    
7.5e+006       0.0053644      0.61707        0.377565       -0.0121249     -0.0365563     -0.0147039     0.0295988      0.000732168    -0.00294692    
7.6e+006       0.00529151     0.620642       0.374066       -0.0119022     -0.0364065     -0.0145598     0.0293486      0.00117897     -0.00218001    
7.7e+006       0.00522649     0.62413        0.370644       -0.011691      -0.0362143     -0.0144258     0.0290588      0.00114162     -0.00299958    
7.8e+006       0.00515843     0.627539       0.367302       -0.0114995     -0.0360568     -0.0143129     0.0288174      0.00068735     -0.00223277    
7.9e+006       0.0050934      0.63087        0.364036       -0.0112807     -0.0358737     -0.0141658     0.0285556      0.00141185     -0.00258478    
8e+006         0.00503157     0.634125       0.360844       -0.0111048     -0.0356924     -0.0140661     0.0283027      0.000562908    -0.00261081    
8.1e+006       0.00496675     0.637306       0.357727       -0.0108994     -0.0355259     -0.0139305     0.0280758      0.00120904     -0.00209158    
8.2e+006       0.00490896     0.640413       0.354678       -0.0107174     -0.0353269     -0.0138193     0.0278175      0.000883516    -0.00281192    
8.3e+006       0.00484732     0.643452       0.351701       -0.01054       -0.0351627     -0.013712      0.0276069      0.000729499    -0.00198364    
8.4e+006       0.00479026     0.64642        0.34879        -0.0103473     -0.0349672     -0.0135841     0.0273666      0.00124125     -0.00254797    
8.5e+006       0.00473403     0.64932        0.345946       -0.0101902     -0.0347864     -0.0134963     0.0271489      0.000467036    -0.00229029    
8.6e+006       0.0046767      0.652156       0.343167       -0.0100026     -0.0346079     -0.0133706     0.0269409      0.00120463     -0.00205236    
8.7e+006       0.00462495     0.654926       0.340449       -0.00984543    -0.0344087     -0.0132784     0.0267131      0.000662505    -0.00258923    
8.8e+006       0.00456942     0.657636       0.337795       -0.00968043    -0.0342395     -0.0131756     0.0265269      0.000791636    -0.00180645    
8.9e+006       0.00451918     0.660283       0.335198       -0.00951245    -0.0340385     -0.0130666     0.0263077      0.00104849     -0.00248462    
9e+006         0.00446797     0.662871       0.332661       -0.00936989    -0.0338604     -0.0129867     0.0261203      0.00043429     -0.00200317    
9.1e+006       0.00441744     0.665402       0.330181       -0.00920044    -0.033674      -0.0128723     0.0259283      0.0011602      -0.0020404     
9.2e+006       0.00437074     0.667875       0.327754       -0.00906363    -0.033479      -0.0127952     0.0257293      0.000489808    -0.00234498    
9.3e+006       0.00432096     0.670295       0.325384       -0.00891034    -0.0333063     -0.0126969     0.0255622      0.000852902    -0.00169395    
9.4e+006       0.00427647     0.672659       0.323065       -0.00876479    -0.033105      -0.0126054     0.0253639      0.00085023     -0.00238805    
9.5e+006       0.00422987     0.674972       0.320798       -0.00863368    -0.0329305     -0.0125304     0.0252017      0.000450012    -0.00176169    
9.6e+006       0.00418536     0.677234       0.318581       -0.00848222    -0.03274       -0.0124283     0.0250239      0.00107737     -0.00203602    
9.7e+006       0.00414295     0.679445       0.316412       -0.00836165    -0.0325517     -0.0123625     0.0248513      0.000370234    -0.00209444    
9.8e+006       0.00409853     0.68161        0.314292       -0.00821988    -0.0323767     -0.0122692     0.0246991      0.000897443    -0.00163403    
9.9e+006       0.00405883     0.683725       0.312216       -0.00809401    -0.0321792     -0.0121932     0.0245212      0.000662096    -0.00225819    
